0000000002111110000000000
0000000020100010000000000
0000000200100010000000000
0000002000100010000000000
0000020000100010000000000
0000000001000001000030000
0000000010000000100003000
0000000100000000010000300
0000001000000000001000030
0000010000000000000100003
1111100000000000000011111
1000000000000000000000001
1000000000000000000000001
1000000000000000000000001
1111100000000000000011111
5000010000000000000100000
0500001000000000001000000
0050000100000000010000000
0005000010000000100000000
0000500001000001000000000
0000000000100010000400000
0000000000100010004000000
0000000000100010040000000
0000000000100010400000000
0000000000111114000000000
